Precision	Recall	Confidence
0.8781979458450047	0.005891673174741099	0.9990000128746033
0.8532186948853616	0.0059837542060486495	0.9980000257492065
0.8315331890331891	0.007180807613046805	0.996999979019165
0.8395554181268468	0.007549131738277008	0.994185425597675
0.7617702221150499	0.009346619626198161	0.9929999709129333
0.7697112147112148	0.009659137065787424	0.9929544659553006
0.7541633052398604	0.01102627113792295	0.9919999837875366
0.6945484377670613	0.011630902847527037	0.9848610510338294
0.7128260282346156	0.011630902847527037	0.9896642839235188
0.7524274742476498	0.011630902847527037	0.9909999966621399
0.6995531478755164	0.012134925334684157	0.9822064823430973
0.7007835589029429	0.012441862105709323	0.9816131901984302
0.7059236328973173	0.013034486178996382	0.9812842971279687
0.7060109302567945	0.01402906901423057	0.9795629287930412
0.7116594421724458	0.014295786484224854	0.9781366808803093
0.7130422513078866	0.015400758859915462	0.9780900623362094
0.7191477353226123	0.016378234423026383	0.977722213890281
0.7126882181094519	0.016633228048185754	0.9775431494714371
0.70008719519371	0.01666671205957032	0.9773019058575219
0.703418784623169	0.016985926301436496	0.9770599310075194
0.703418784623169	0.016985926301436496	0.9772138407640197
0.7069272974967632	0.017310918176639614	0.9763641136592296
0.7085147280104894	0.01754112075490849	0.9759436290378243
0.7083540727650085	0.017798947642569632	0.9755964085114885
0.7127802643999643	0.01849876348050702	0.9755873787152919
0.6998206232290559	0.018719757955645143	0.9755173421014368
0.7051809692428227	0.01900308420582222	0.9754827222377666
0.6963181452210189	0.01912585891423229	0.9754006871921498
0.6952616492864595	0.019957736265446658	0.9753210026959435
0.6914517329094629	0.02008664970927723	0.9751389598371145
0.6910454203481056	0.02054705486581498	0.9733828582933942
0.6950797921261722	0.02089371286603164	0.9731698721238002
0.68982949841519	0.021243062718143923	0.9731559890911889
0.6775835828787989	0.021498843360664897	0.9729999899864197
0.6593955688083843	0.021881119157305336	0.9729809030941633
0.6460100746536632	0.022249443282535537	0.9724980261936581
0.6552387900058585	0.022249443282535537	0.9726855614196764
0.6425932680612513	0.02240495791318829	0.9712680143318088
0.6370502067622985	0.02294925912047292	0.9712317276176646
0.622360545598325	0.024710800730080827	0.9707226752672153
0.6200794691661902	0.02596938007477596	0.9705280282943234
0.5964794989883143	0.026098791253910895	0.9704194810323055
0.5935556527032589	0.027274122981728807	0.9702117334943166
0.5895796932115216	0.030062862787043197	0.9699974998635915
0.5868374577050465	0.031026172037645267	0.9697062131207225
0.5928873284030366	0.031026172037645267	0.9698985091353611
0.5889906146979248	0.031306799942582564	0.9693759473461491
0.5816322125127743	0.03235981895140268	0.9691813337044429
0.5801783019325837	0.03339180108835719	0.9684291101210857
0.5815573691198617	0.03357596315097229	0.9680715191445158
0.576540691959137	0.033790818890689904	0.9678801306991207
0.5820843524587441	0.033790818890689904	0.9679813206332171
0.5729884212802773	0.03385581726573053	0.9678478279394086
0.5641623461709401	0.0342773437646051	0.9675158582344717
0.5693860715984488	0.0342773437646051	0.9676180532713546
0.5635790521148406	0.03494702399229638	0.9671752457388891
0.56413239398768	0.03554555069579546	0.9670538616899376
0.5680240690413614	0.03581838338115117	0.9670444658115506
0.5718468648905529	0.03615601382927885	0.9668289790009388
0.5695921977846254	0.03681512015863816	0.9668138257304957
0.5666681943745455	0.03705453084003779	0.966384226291707
0.5639973929290601	0.03730008025685793	0.966312257350292
0.5634595997111689	0.03803672850731833	0.966117187563492
0.563764103046909	0.03828227792413847	0.9653217919172886
0.5613299432633047	0.03856875224376196	0.9649787498358364
0.5633887142201628	0.0388680155955115	0.9647009540301618
0.5655921220553214	0.039462595969097396	0.9645011751708142
0.569067385078879	0.04014237064139726	0.9644901025626478
0.5719568718548014	0.04185443775465828	0.9644677377549717
0.5784423737963954	0.04277115557745346	0.9644566551015289
0.578103208078628	0.042918485227545544	0.9641165612900223
0.5797591542869964	0.04329499433333642	0.9639876636296681
0.5823429489113254	0.04375978430088882	0.9639649941993619
0.5808705187298678	0.044114466791851235	0.9637136110498337
0.5851416254852345	0.044114466791851235	0.9638723782822914
0.5825274266341718	0.04436492719700778	0.9635747904301405
0.5819337041404008	0.044597552960311065	0.9632768324221966
0.5841262411743186	0.045052291591845275	0.9615261236584439
0.5841262411743186	0.045052291591845275	0.9619374067886858
0.5801805073913644	0.04514437262315282	0.9614365031872347
0.5799792341926628	0.04599949049484528	0.9613744372532703
0.5714865102024027	0.04618365255746038	0.961297068831775
0.5794238228441028	0.04618365255746038	0.9613090971431535
0.5704946117866944	0.046819848773767096	0.9610278264682083
0.5727000300873202	0.04983198345717248	0.9610033692204465
0.5749025141856144	0.050947001036278465	0.9609912497205363
0.5772016864502256	0.05131532516150867	0.9609834431283482
0.577604480661311	0.05155210495629951	0.9607634803340638
0.5759702940321215	0.05192042908152972	0.9606193513644111
0.580180063096303	0.05192042908152972	0.9607199668152148
0.5792775793763038	0.05431015108451138	0.9605824069728295
0.5794758182509112	0.05504241452395715	0.9604906785499018
0.5794727636276171	0.05711935334122746	0.9604413350949441
0.5789462768708877	0.05890927967607963	0.9603523488708993
0.5801424553216811	0.059139482254348515	0.9603400353946323
0.5795409963115377	0.05957863794212298	0.9602158158491275
0.5792236261140497	0.06069142325380332	0.9600644118791775
0.578946893550671	0.061059747379033524	0.960026968542485
0.5749204417438294	0.06230390939667621	0.9594213275092096
0.5812731538072972	0.06230390939667621	0.9597492605074653
0.5750567436908739	0.062825701907419	0.9583616991481964
0.573492730404514	0.06288708926162404	0.9582760627852192
0.5709470705636295	0.0630615585841015	0.958237015643222
0.5700059524493495	0.06313215404143728	0.9577875027776527
0.5693918008647544	0.06341548029161437	0.9576368693332804
0.5711676265198121	0.06418690424273056	0.9576217261961165
0.5707950211453628	0.0645910376579137	0.957537172965877
0.5719098988012146	0.06537065705631763	0.9572029669433457
0.5731197589203472	0.06630023699142241	0.9566559760535204
0.5731197589203472	0.06630023699142241	0.9569065201547587
0.5735836766994105	0.06683226072786605	0.9565072299313666
0.573306967361818	0.06769577617701686	0.9562061843957768
0.5718390374396054	0.06900165262101485	0.956190223803737
0.5732025715698034	0.06931472812746052	0.9561493139640403
0.573799886703185	0.06966902085744385	0.9557297148370916
0.5748979455055967	0.06996368015762801	0.9554427371074048
0.5759853950442171	0.07033200428285821	0.955416643810052
0.5766098996494908	0.07082165870816425	0.9544636938704304
0.5755745154666244	0.07156249246004773	0.954194008328487
0.5775765224691403	0.07182558112092645	0.9539354177697028
0.5799667730379645	0.07219390524615664	0.9538634956324158
0.5811354650858568	0.07280427093939526	0.9535742383652521
0.5831945939225336	0.07280427093939526	0.9537030813373246
0.5824834675395913	0.07341930712072979	0.9534440626453463
0.5809109185466947	0.07371089705320369	0.9534204611953943
0.5841718821098775	0.0744731233679162	0.9530647582435334
0.5847035799173128	0.0744731233679162	0.9531084046451801
0.5797322617775493	0.07506244196828453	0.9530554428592474
0.5858990606500734	0.07675862982183569	0.9527410621066101
0.5841336981767022	0.07933689869844711	0.9524232899707616
0.5854553145023228	0.07999578963358113	0.9523050998203916
0.5848388340252298	0.08180671658262963	0.9522877884251555
0.5862038023390709	0.08273921972507751	0.9519590039007286
0.589249877978648	0.08558809583362213	0.9519143416197944
0.5870650118560248	0.08776195021742127	0.9514562762112418
0.5886907401558041	0.08813027434265147	0.9512494280120677
0.587265421873337	0.088581032914957	0.9505995053275272
0.5895684235277422	0.088581032914957	0.9511034235267518
0.5884228769214395	0.08926075834606365	0.9501692706947483
0.5891483746258699	0.08951858523372479	0.9499287288593953
0.5891897930433283	0.09014122839780442	0.9498112450143501
0.5883503681748425	0.09025172563537348	0.9495690666534067
0.5883503681748425	0.09025172563537348	0.9496374851507858
0.5878700200436441	0.09087824869283577	0.949419443712137
0.5847925870250561	0.09153537241625782	0.9492443998687922
0.5891969077863812	0.09364741782940822	0.9489461080096143
0.5875881279043799	0.09374786986356191	0.9488946110925938
0.5889091652958445	0.09435560467019173	0.9485955390117107
0.5843453111536567	0.09518132476793005	0.9485377553740229
0.5885492342554817	0.09518132476793005	0.9485479188231729
0.5831247915778246	0.09565010092731395	0.9484177987969541
0.5839698404425436	0.09592337366538797	0.9484127538313142
0.5846827183410304	0.09621277119235458	0.948251406143469
0.5904391919108261	0.0988434380495408	0.9481947648689547
0.591358859721971	0.099174929762248	0.9478895149322853
0.5927631248088371	0.09951492126246048	0.9478803567678749
0.5895243410744672	0.09966705514027296	0.9478735409316907
0.5875259534776045	0.09985121720288806	0.9478480964812496
0.5910930533195986	0.10087945538582237	0.9478321104829611
0.5892733220923834	0.106993012142863	0.9472929138282772
0.5881256634108454	0.1071051107896722	0.9466560912767238
0.5900046591405925	0.1071051107896722	0.9470191482176101
0.589433200987319	0.10743251001209907	0.9465864242450892
0.5899642919029264	0.10807588137370246	0.9459612919675275
0.5898534194089484	0.10807588137370246	0.9464556395062476
0.5908837530641641	0.10870222935136661	0.9458448853032442
0.5898396681445612	0.10893243192963549	0.9455767398708836
0.5921662491360632	0.10893243192963549	0.9456602375182632
0.5914267528381172	0.10971241243012299	0.9453730527544704
0.5914017731482876	0.11035697964927584	0.9449993708870406
0.5915988863569005	0.11123928334925913	0.9449486126097173
0.5897205265349873	0.11142344541187424	0.9448636827956296
0.5906889825680086	0.11159029309253403	0.9446577635120826
0.5907031045528272	0.11203679427568346	0.9445721975409912
0.5905316709893746	0.11203679427568346	0.9446325682738259
0.5905466926783023	0.11232326859530696	0.944202714291666
0.5915933487317647	0.1126699265955236	0.9441856766821356
0.592213606622444	0.11340657484598402	0.944056173886228
0.5934236552674813	0.1137012341461682	0.9439007910363667
0.5952859989478555	0.11431510768821852	0.943804355250466
0.5942486013392857	0.11456065710503864	0.9436740204769645
0.5919461966565284	0.11555820161087045	0.9436221120476838
0.5929243832945709	0.11592944894344376	0.9433192880637821
0.588967749144439	0.11758076877155912	0.9432989093607181
0.5872336609459864	0.11898634600586566	0.9430959554284173
0.5888739784346624	0.11898634600586566	0.9432816123537144
0.5867503719656763	0.11926537943407037	0.9429044694332904
0.5853597171628245	0.11929168830015822	0.9428944879517785
0.5869053597425159	0.11986872942968557	0.9428419046403852
0.5858110984829473	0.11989174968751246	0.9428381988473062
0.5869427621482946	0.12026007381274266	0.942698226089624
0.5861683147694693	0.12048673481288433	0.9424226382465531
0.5861683147694693	0.12048673481288433	0.9424519621637973
0.5866409785334782	0.12136564223834681	0.94225310206499
0.5864074448986171	0.12154980430096192	0.9421124352656808
0.587519252842438	0.1219033954611829	0.9419136512012737
0.5856608611160078	0.12219805476136705	0.9412586858204338
0.5848008532056633	0.12237195594255462	0.9409423788824951
0.5840549674952412	0.12260634402224657	0.9408305758262185
0.5846277659899488	0.12320235942489181	0.9406832008355759
0.5844816919124778	0.12414158594422885	0.9406558014434188
0.5825041457819333	0.12450991006945905	0.9401624716630546
0.5855780462873789	0.12450991006945905	0.9403558949917891
0.5811594766133593	0.12464496224871013	0.9400884773959257
0.5810927997356047	0.12490805090958883	0.9397554176335701
0.5807739439787156	0.12527637503481903	0.9397260260187941
0.5782828667056343	0.1262077886181663	0.9397001286877047
0.5774075174967265	0.12631214712031485	0.9393374645731517
0.5784693076537699	0.12668047124554505	0.9392901325936276
0.5793938668352207	0.1272162154276981	0.9390809177216929
0.5815791530694521	0.12824576905393675	0.9389251628877325
0.581175295876039	0.12891247292506053	0.9388877170095603
0.582617418198312	0.12891247292506053	0.9388968098082101
0.582788866629015	0.13002894038374443	0.9388691615479727
0.5870533978541285	0.13148859525039747	0.9387281236502384
0.5870161662875955	0.13170260175794227	0.9384538855187416
0.5878157984103097	0.13290228605154922	0.9383119524695255
0.581786078911738	0.13483180220758476	0.9382433616531214
0.5854607031853739	0.13483180220758476	0.9382554258342916
0.5808405696942858	0.13504771634996107	0.9379034816638485
0.5820790123710472	0.13504771634996107	0.9379522810055771
0.5802022871979974	0.13569060936854466	0.9378846471308124
0.5821191717313399	0.1369534349407625	0.937615042967308
0.5817357410518795	0.13722967803468517	0.9375122508900634
0.5817772507313071	0.13781899663505348	0.9374631285472459
0.5794969642368848	0.13796581114650888	0.9374058759955192
0.5803314305336484	0.13866562698444626	0.9372494423173455
0.579330584913062	0.138928715645325	0.9369813267476892
0.579774538364661	0.13921518996494847	0.9364994060059698
0.5804893273415255	0.13949143305887113	0.9364413309834698
0.580150980128229	0.13976767615279376	0.9362220513063708
0.5810839779501662	0.14013600027802398	0.9358333001879658
0.580952392922416	0.14081061499160352	0.9354078257802607
0.577742827078687	0.14090269602291108	0.935186724632715
0.5773021687462048	0.14125427814244898	0.9346800705253655
0.5785709647214712	0.14125427814244898	0.9349211011868062
0.5782068186832459	0.14257980182253877	0.9344893211562376
0.5791158557119458	0.14294812594776898	0.9340463819568752
0.5751794994697108	0.143741045939584	0.9339862216393666
0.5748629542087855	0.14406844516201087	0.9336116648374817
0.5750784088319577	0.1451294696172222	0.9336004565064513
0.5749210117484524	0.1459380287683228	0.9331106581359484
0.5778828928967137	0.1474389853521523	0.9329286852051247
0.5768288388220125	0.14748502586780607	0.9329156546550058
0.5783125661541424	0.14883777992774247	0.9327330412371158
0.578736700549971	0.1492061040529727	0.9325725276270622
0.578817080550459	0.15148641104655838	0.9324144673478683
0.5785380532244978	0.15181790275926557	0.9323843942413449
0.5785476055753122	0.1520327584989832	0.9320111551042786
0.5787429634015123	0.15232235544956285	0.9315438906463943
0.5787429634015123	0.15232235544956285	0.9315526874932588
0.5810475125160227	0.15399814125218025	0.9314904193639496
0.5809481286682235	0.1542974046039298	0.9312482791243925
0.5817634046824878	0.15466572872916	0.9309696017466554
0.5818473592365023	0.15500056884300564	0.9306297032330841
0.5826577325713153	0.15526006993123603	0.9304414839833636
0.5831132917311035	0.15556142603369708	0.9304154240696826
0.5832466133938687	0.15707415121682064	0.9304070725745931
0.5837641572059264	0.1573895877753511	0.9302652871990913
0.5836030722882228	0.1575123624837612	0.930203047455527
0.5841751387951738	0.1587063978502683	0.9301820511639088
0.5842104119557039	0.15940796761261156	0.9297785003482005
0.5847952070590969	0.15940796761261156	0.9298623006819688
0.5845508393998123	0.1609520956760766	0.9297147399762508
0.5852474873410646	0.16130288055724823	0.9294667989968121
0.5849813190180085	0.16151335148595125	0.9292510584868056
0.5853870146425028	0.16169751354856635	0.9291428590188924
0.5867244137829029	0.16350135093820153	0.9289273700483729
0.5874925840175071	0.16351976714446304	0.9286464928832516
0.5882579038987363	0.16388809126969323	0.9285266528034064
0.5890203892618868	0.16421958298240044	0.928319312100383
0.5897800558251735	0.1648411299437264	0.9281860276351157
0.588999403815656	0.16561909660567098	0.9280465022503318
0.5896479803658817	0.1659874207309012	0.927981291055698
0.5899857421022027	0.1671415029899558	0.9278378769051351
0.5876204111092969	0.16806066255064936	0.9277724913494431
0.5875153843632781	0.16870522976980223	0.9273654201649133
0.5885663957843215	0.16870522976980223	0.9273760947383195
0.5885011025868023	0.16870522976980223	0.9275753047940244
0.5869924094742964	0.16945950720916253	0.9273436369335116
0.5866329476184191	0.16972259587004124	0.927171107654685
0.5869555841853549	0.17036467938505293	0.9269133328358691
0.5866488625480167	0.17073300351028317	0.926856165049625
0.5876853446373242	0.17073300351028317	0.9268914247112712
0.5867897389637187	0.1712687476924362	0.9267899601589662
0.590427114021632	0.17471694263234383	0.9266232318014763
0.590271473549994	0.1755313481981306	0.9264011596045317
0.59033114455764	0.17621479407494667	0.9262990687352972
0.5904714938273506	0.17750295923923862	0.9261526525385291
0.5905604595874568	0.17777083133031515	0.9256525498862893
0.5899289390055551	0.17777083133031515	0.9257246075109591
0.5888402644681044	0.18064747995282013	0.9256263201643982
0.5879690808825022	0.18412344860915933	0.9251187004351529
0.5907391092437179	0.18412344860915933	0.9251282565798027
0.5868144693612759	0.185742905477235	0.9250606141558615
0.5864408698518659	0.18596389995237309	0.9246996066865317
0.5859042815426924	0.1860130098357371	0.9246266863479249
0.5865636696294078	0.18628925292965975	0.924039386379769
0.5862092541985763	0.1863199466067623	0.9231320349505967
0.5872302496950413	0.18751704651933182	0.9228620533945586
0.5877844739834986	0.187885370644562	0.9228356673204889
0.5871192009861577	0.18804088527521476	0.9226285404777532
0.5874795065576598	0.18922566121137196	0.9216169339561846
0.5882336646030619	0.19069895771229273	0.9212499880074402
0.5888750451877923	0.19091995218743085	0.9210485895481192
0.5873635819063259	0.19193975804149083	0.9210215969055732
0.5891764324677652	0.19193975804149083	0.9210233335200773
0.5839846097510482	0.192378956657485	0.9200287634688749
0.58487618930792	0.192378956657485	0.9202064543498312
0.5857704954077791	0.192378956657485	0.9202580251393448
0.5866675405768569	0.192378956657485	0.9205578370056476
0.5844656073008944	0.19263395028264435	0.9199923855291322
0.5821528191718991	0.19662318388513764	0.9197759696552441
0.5814151539975437	0.19666922440079143	0.919760603584431
0.5815420163675872	0.1969884386426576	0.9196550307530975
0.5821637964324199	0.19735676276788777	0.9192653036176239
0.5827837314525498	0.1975078701013155	0.9189794068715119
0.5825388091701458	0.19769203216393066	0.9189553284507956
0.5834018296281757	0.19769203216393066	0.9189604815138113
0.5823184170344932	0.19797266006886793	0.9188877554066238
0.5828721256074906	0.1997444610119396	0.9186941924198344
0.5831649944785239	0.20006016740499405	0.9184350124743134
0.5836126136504277	0.20056003586066362	0.9181824429258715
0.5834903729871962	0.20063370068570963	0.9181538107823964
0.5843905373590937	0.20702743887648187	0.9180804252893389
0.5849750795006421	0.20732879497894297	0.9177950715384146
0.5855579796698828	0.2077918310220895	0.9176583691170586
0.5858155852653398	0.20829169947775908	0.9176523810696054
0.5869741430687935	0.2087852836293834	0.9176096793265422
0.5873764138186973	0.20910756723895982	0.9174666959940793
0.5862532096644405	0.20934195531865177	0.9169884650944797
0.587888504531008	0.20934195531865177	0.9174231202601425
0.5859945246510178	0.2096335452511257	0.9168198459177435
0.5843174443903006	0.20990978834504834	0.9158725378729812
0.5859382972180129	0.20990978834504834	0.916501342689998
0.5847534700195958	0.21014656813983917	0.9156965522635
0.5852526006134179	0.21158518477182595	0.9156957434813364
0.585095135345375	0.2122987131096637	0.9156671300818026
0.5845227297794671	0.21240394857401515	0.9155194221507561
0.5833392459680348	0.21370205501024309	0.9143456855143793
0.583975640151752	0.214691507546657	0.9139478779591064
0.5845355652659489	0.21496775064057966	0.9135738730972812
0.5846459565312724	0.21521330005739978	0.9133417309034445
0.5835036881349048	0.2164094233529706	0.913197594301744
0.5821548402007065	0.21663962593123945	0.9126131538750881
0.5829259062142174	0.21663962593123945	0.9126241552108846
0.5625134192173215	0.21753997379291334	0.9125827583089222
0.5620850867173823	0.21970011772101303	0.9125462839307745
0.5616930200255263	0.2197737825460591	0.9118950725318941
0.5617519944698781	0.22074260047380084	0.9116744429352392
0.5618312526221715	0.2209728030520697	0.9114941017868227
0.5618998887763305	0.22134112717729992	0.911444089331752
0.562379649051931	0.22134112717729992	0.9114869852834159
0.5625425722318841	0.2228631834921739	0.9111779447320654
0.5629283221427089	0.22319042531112845	0.9107651126084528
0.5629283221427089	0.22319042531112845	0.9109231670965847
0.5633561927955704	0.22406603220883478	0.9105129651916236
0.5635852036019562	0.22438173860188926	0.910049253797176
0.5636335466367942	0.22505352977812434	0.9091474612772676
0.5637070910894517	0.22600415680609945	0.9089272661524443
0.5637513507344646	0.22611465404366848	0.9085499454025062
0.5638834843283851	0.22650144496913344	0.9082029466707026
0.5641709331914698	0.2268385173504047	0.9081624858232069
0.5639631700388066	0.2270185869227395	0.9076022892816814
0.5646459341671829	0.2270185869227395	0.9079309618750309
0.5642701973916363	0.22754982364182152	0.9075751697617964
0.5640814333967427	0.22802338323140323	0.9075304536241288
0.5646053739816024	0.2283671524149514	0.9071859289093311
0.5645594080938379	0.22876105460443372	0.9070256105064161
0.5643242302095905	0.22919076608386893	0.9069916548297163
0.5639262323532223	0.22955909020909912	0.9067325661703171
0.564845997598561	0.22955909020909912	0.9068028204800356
0.5632823930550983	0.23001430415259658	0.9064683704715875
0.5633258973287296	0.2302352986277347	0.9060815127648588
0.5631761907156594	0.2306036227529649	0.9058014127627384
0.5633770846266601	0.2329246943558045	0.9057439755790035
0.5638919701400722	0.23355903034925654	0.9054382483109089
0.5644722895290859	0.2351677776486116	0.9052256377408016
0.5643213005606337	0.2355361017738418	0.9046050353481977
0.562957100788376	0.2373588411380176	0.9045207649554154
0.5630289096995006	0.23815603964239848	0.9040259452709256
0.5633980704295317	0.23845069894258267	0.903980248647561
0.5639022297015531	0.23881902306781286	0.9038160915897835
0.5643550780399947	0.23913068194300763	0.9037941833336546
0.5648569731113773	0.23947733994322432	0.9034133490870548
0.5653267979300425	0.24004112815732126	0.9031589692253688
0.5653267979300425	0.24004112815732126	0.9032970134745795
0.5668283404254133	0.24720829716231926	0.9030401971054747
0.5669619745999145	0.24749769468928587	0.9030383135430369
0.5669367670440153	0.24777603053392008	0.9023946766454398
0.567113738302546	0.24797247006737616	0.9017692064117712
0.5660625032303319	0.24899345644747858	0.9014903584489401
0.5661270568960161	0.24910855773661303	0.9009310879814868
0.5659452986280773	0.2494216332430587	0.9005148831055199
0.5658019514259653	0.24975647335690432	0.9004708924659899
0.5655745501394058	0.24990380300699638	0.9003013974441177
0.5654652943960926	0.25014058280178725	0.9002661967077691
0.5665187914465577	0.25130391701208277	0.8997345737322758
0.5669251446777309	0.2516505750122994	0.8995347469647743
0.5672492605261917	0.2523258359085548	0.8995285325952569
0.5673567388031003	0.25239950073360085	0.8992455075916974
0.5678239561478055	0.25269416003378503	0.8990839209524873
0.5676908606659248	0.2530624841590152	0.8990069412141355
0.5672104803964306	0.25419565027430674	0.8989691571197841
0.5670664064834693	0.25468293622880384	0.8985011452636983
0.5676748468337734	0.25468293622880384	0.898513084255963
0.5661561576904734	0.2553111334868353	0.8974996057989925
0.5667616722976291	0.2553111334868353	0.8982330273114404
0.5655732829854361	0.25593148305746116	0.8968913303286655
0.5656021559827993	0.25593148305746116	0.8968933196674548
0.5664428630140638	0.2599173038111094	0.896604430840561
0.5656411442724747	0.26085166717641206	0.8961335868436368
0.5639837507307736	0.2609042849085878	0.8958428165666725
0.5645663785724375	0.2609042849085878	0.8960000276565552
0.5638057307277791	0.2609832115068514	0.8955918462893914
0.5636744432159935	0.2613515356320816	0.8952909617610209
0.5630645709848862	0.26167893485450844	0.8945360960474791
0.563643260163699	0.26167893485450844	0.8950802261869358
0.5634166175936601	0.26352230940506527	0.8942434158739456
0.5631832674067837	0.2636328066426344	0.8937610516172411
0.5623805645650335	0.26375558135104443	0.8919658476537646
0.5624769970563362	0.26375558135104443	0.892886322905516
0.5630468825650052	0.26375558135104443	0.8937052396947953
0.5630507237575245	0.26431937197008365	0.8918717465970578
0.5633231860655646	0.26468291266511607	0.8918329165024274
0.5633565978520145	0.26525513050252725	0.8914690235753817
0.5632047576946365	0.26525513050252725	0.8915165135976557
0.5621566779773879	0.26713256041863126	0.8906741941974339
0.5625932116982478	0.267592965575169	0.8888165239678946
0.5622633254994958	0.2679187907628726	0.8884924009191552
0.562975915978303	0.26881816935053265	0.8878327460933468
0.5630787837865256	0.2691917552489804	0.8874809621075493
0.5635925689464633	0.2740577638897697	0.8851069154259285
0.5641344848781426	0.2740577638897697	0.8852061459754098
0.5641344848781426	0.2740577638897697	0.8866256386988218
0.5646774439588723	0.2740577638897697	0.886695286966665
0.565221449203534	0.2740577638897697	0.8872966301155124
0.5619546618337488	0.2749325336871914	0.8847892450006346
0.5619546618337488	0.2749325336871914	0.8847999636040884
0.5619154239248743	0.27505211944213626	0.8842303364554568
0.5615593945459697	0.2752836374637095	0.8841701665203853
0.5606819052027264	0.27536863533876266	0.8838638010784818
0.5612153798984474	0.27536863533876266	0.8839141855818838
0.5603786738685784	0.2757369594639929	0.8824961675290997
0.5612120792261736	0.276823515633422	0.8821938819052391
0.5614382041511488	0.27719534760746395	0.8821520356066511
0.5617946536707118	0.2776455215383008	0.8818110676393391
0.5589507987801161	0.2787098347573102	0.8797652531099371
0.5594736713701817	0.2787098347573102	0.8802839868920284
0.559997523122401	0.2787098347573102	0.8815289594733001
0.5615541149976545	0.2787098347573102	0.8817598924294554
0.5587584461915919	0.2795703370542766	0.8785107662424338
0.5589595798737449	0.2798649963544607	0.8779162604740033
0.5591162960258854	0.28037655763950264	0.8777394751097831
0.5595532969293587	0.28249778304802087	0.8776011732811596
0.5593552303370655	0.28409794674763206	0.8772656277736296
0.5599429577365059	0.2851660867107997	0.876543225140763
0.5603430095931091	0.2853870811859378	0.8758019640489743
0.559695355593007	0.28566332427986046	0.8742438708240502
0.560142750047568	0.28566332427986046	0.8746736694634364
0.5599883832027678	0.28729194938914854	0.8739651883033833
0.5599923948114983	0.28729194938914854	0.8741085464409916
0.5602729465422414	0.28754977627680967	0.8731610980506164
0.5605105426299872	0.28873162900562377	0.8729594258478622
0.5601312443549784	0.28895479009326325	0.8726869446304376
0.5594922692951873	0.289792727478162	0.8726638078217275
0.5595029937355588	0.2905224663294478	0.8720272482444822
0.5594460875185941	0.2908447499390242	0.8713075742434684
0.559898412951236	0.2908447499390242	0.8716225430650826
0.5592733083357254	0.29138342397217337	0.8697204766739571
0.5597735527975642	0.29138342397217337	0.8702469497263584
0.5592203857389971	0.29144008922220876	0.8687159797682216
0.5596135878926644	0.29180841334743896	0.8679883920225667
0.5597090006188444	0.2920539627642591	0.8675936798977921
0.5597772594218229	0.29216855249210855	0.8671753507927069
0.5600418195621442	0.2941680263147868	0.866988217268912
0.5603520854195031	0.2942908010231968	0.8668367470739037
0.5605576548796113	0.29464158590436845	0.8659999966621399
0.5607002460473551	0.29464158590436845	0.8661499809177662
0.5608205850234617	0.29479943910089573	0.8645386818095685
0.5605087174121199	0.29513427921474134	0.8635293727776819
0.5610051821751068	0.29513427921474134	0.8642263133041771
0.5608973038688732	0.2954412159857665	0.8630848797703105
0.5612458313523964	0.2962852921060858	0.8615585111461579
0.5612177837165845	0.2964802872312076	0.8612786452976878
0.5620270862028008	0.2976242844249286	0.859811354567563
0.5620275010394651	0.29842083185131024	0.8595491352944353
0.5612378050851247	0.2986178696872122	0.8588213959830759
0.5617296874734552	0.2986178696872122	0.8594319670131583
0.5598948069153626	0.2997684175228429	0.858772576540734
0.5598093539654261	0.3005050657733033	0.8583748249202758
0.5597056083384262	0.30081672464849807	0.8580627679788316
0.5593205814814471	0.30097457784502535	0.8578787223192438
0.5593691217705408	0.3014013661171175	0.8571777395282005
0.5596172054421528	0.30169076364408404	0.8565156175786909
0.5594576400096185	0.30221255615482684	0.8553289089560466
0.56000831091309	0.3025976222857493	0.8550806581371961
0.5593684511917205	0.30266924086565516	0.8528181305510196
0.5601413086746181	0.30266924086565516	0.8533888711067524
0.5596691583782203	0.3032719530705773	0.852753500016655
0.5592877520977425	0.30361487553199856	0.8527248545228366
0.5597217062501029	0.30412234432676016	0.8523603190289998
0.5588459500137306	0.3053330331251968	0.8521807652783181
0.5591771712166624	0.3056819717701518	0.8520504661612643
0.558700870389391	0.3058865962841685	0.851210364877881
0.5586509122018256	0.3061034982690263	0.8480883320367124
0.5588372445705126	0.30638997258864975	0.8479781166119992
0.5579190981415945	0.3064749704637029	0.8474509777160808
0.5583927136748216	0.3064749704637029	0.8477538091726738
0.5583019283715758	0.30830106843805893	0.8465775663027822
0.5574460705661745	0.3083471089537127	0.8462158232527862
0.5566396290700358	0.3086233520476354	0.8453428833817832
0.5559721908775839	0.30890982636725894	0.8433622012584514
0.5564393943993298	0.30890982636725894	0.8437742409533863
0.5557937124417818	0.30915537578407903	0.8428211120858269
0.5558486665005264	0.3095236999093093	0.8424890373597744
0.5560565026469321	0.3095236999093093	0.8426939710088839
0.5560470867312743	0.30976924932612937	0.8401711033228405
0.5562200304917467	0.30976924932612937	0.8402708408862619
0.5559138813759101	0.3100639086263135	0.8390323336660246
0.5562561753636525	0.3104199552807027	0.838901312043158
0.5557087819392084	0.3106180690147281	0.8375374695669381
0.556171487003271	0.3106180690147281	0.8380313875378178
0.5556481872337127	0.31118472151508225	0.8371923815117108
0.5580936220269327	0.314499638642154	0.834558474599071
0.5581414750928527	0.314499638642154	0.8348583869532935
0.5577413728535112	0.3148679627673842	0.833581395258379
0.55778387055957	0.31515443708700774	0.8315259623842747
0.5577432272271947	0.31515443708700774	0.8326892758447666
0.5564442493584005	0.31625940946269837	0.830889828946889
0.5562627107774201	0.3167754261189322	0.8308208352223743
0.5560552513424794	0.3173739528224313	0.8296791982605732
0.5565073287825952	0.3173739528224313	0.8306090960787457
0.5558252773338631	0.3177422769476615	0.8292595501203219
0.5558515628300381	0.3181018314508624	0.8276102199956501
0.5538846127923163	0.3187727075361031	0.8252256153497312
0.5543312939316649	0.3187727075361031	0.8273172415259126
0.5534078487453066	0.3188396755588722	0.8235300475714378
0.553585042397007	0.3188396755588722	0.8244085234280505
0.5529778189251764	0.3193307743925125	0.8232281416520689
0.5532219321179674	0.31948862758903973	0.8211012035398638
0.5535802144498697	0.31968894421855093	0.8207534706648708
0.5528823982607556	0.3206801925854899	0.820322250151534
0.5524304787864533	0.32092574200231005	0.8181645189960453
0.5523005791552448	0.32092574200231005	0.8195727266148489
0.5514987660062739	0.3211467364774481	0.8175518381508152
0.5515570540586083	0.3212695111858582	0.817407997992787
0.551475411851073	0.32153259984673693	0.8168745606308622
0.5513940278007156	0.32176280242500577	0.816575697747956
0.5517483769098777	0.32189673847054406	0.8161075568799092
0.5518766621011767	0.3221598271314227	0.8157140564641437
0.5516128723868602	0.3228350880276781	0.8143601936577826
0.5506644042347002	0.32307400097377337	0.8137290736452862
0.5507412723031676	0.3234883656146573	0.8132903905488816
0.5505965456955406	0.3237953023856825	0.8131408756488548
0.5497917388170445	0.3240899616858667	0.8094887904394057
0.5497525136129953	0.3240899616858667	0.8095265650498232
0.5501823435689085	0.3240899616858667	0.8103687806061152
0.5506128461851596	0.3240899616858667	0.810847782465101
0.5500970311195181	0.324370589590804	0.809429186119907
0.5504476959432753	0.32467752636182917	0.8087936660184366
0.550137000815216	0.32478802359939823	0.8078323873213118
0.5504438548569508	0.32548587652344557	0.8076823545180097
0.5508336578039983	0.32579281329447074	0.8072143401166147
0.5511823894361382	0.32582964570699374	0.8056360478309452
0.5515305799796323	0.32603222397587034	0.8050959155606209
0.5513614348271932	0.326308467069793	0.8049944000085796
0.5515540286034697	0.3265978645967596	0.8045241117361577
0.5519011230085753	0.32696618872198985	0.8035805246360428
0.551732083728084	0.3271043102689512	0.8033442315966071
0.5517645087303994	0.3278409585194116	0.8018966055903185
0.5505786801174241	0.3279330395507191	0.7993302626692174
0.5518531678028811	0.3279330395507191	0.8016573080327372
0.5506166965173337	0.32817858896753926	0.7974323098758331
0.5506989545359964	0.3282734603331288	0.7955801501517452
0.5506211954032724	0.328641784458359	0.7950722565701456
0.5507887123180828	0.32880920451528184	0.7912254410667223
0.5508663426402309	0.3292286132219833	0.7909298299575616
0.551209979715487	0.32994421437957344	0.7900566639584307
0.5515530913517902	0.3303287880985638	0.7900562721120955
0.5518107963155313	0.33065618732099067	0.7897814964816219
0.5519620857839928	0.33092138069115645	0.7893557276993194
0.5523038385789706	0.3310850803023698	0.7878797598675439
0.5529685670801247	0.3321346655915597	0.786255231995661
0.5533259759338133	0.3321346655915597	0.787629570513835
0.5527556177683064	0.3325029897167899	0.7854482126338183
0.5521878117148968	0.3326257644251999	0.7847420598684176
0.5525273205763714	0.3327107623002531	0.7833813375237394
0.5525219624134003	0.3328686154967803	0.7832655814295664
0.5528607043040791	0.33290738645733087	0.7819834491807975
0.5529926347299253	0.33305471610742293	0.7811180658976948
0.5524090607600413	0.33311610346162795	0.778752005248694
0.5528266035119385	0.33311610346162795	0.7810175766395516
0.5527468652424864	0.3334844275868582	0.778530352305969
0.5525880431713638	0.33381398075153784	0.7783930592083097
0.5529249497653613	0.33418230487676803	0.7770021919271003
0.5525841484487584	0.33421913728929104	0.775580718909427
0.5523690280852943	0.33454142089886746	0.7745016024156656
0.5521920861170045	0.33454142089886746	0.7748138285547315
0.5527048352660254	0.3348637045084439	0.7740956548310451
0.5527625000294165	0.3352320286336741	0.7738430829724573
0.5530975093926903	0.3356003527589043	0.7728337822381428
0.5533488502456066	0.33602820401548483	0.7702901557399411
0.553082514062504	0.3377817471334286	0.7665350501724939
0.5529503072963106	0.33791986868039	0.7639424379089015
0.5531335785816992	0.33821452798057416	0.762285998004294
0.5532795136605859	0.33828819280562017	0.7614217007482424
0.5531390372531605	0.338615592028047	0.7591262825132944
0.5520115294241246	0.3392307466974894	0.7577519913650632
0.5527699189148313	0.3392307466974894	0.7587976041898783
0.552274862299985	0.33940613913807527	0.7576360675725292
0.5507735835842914	0.34064002495759643	0.7554291582377641
0.5511782665994158	0.34064002495759643	0.7554488381268055
0.5500425340514666	0.3406645798992784	0.755001471339203
0.5496032331231336	0.34073824472432446	0.7535117993595638
0.5495307137764623	0.3410820139078726	0.7491741206723264
0.5499327113724949	0.3410820139078726	0.7515327465764556
0.5484752306459187	0.34128291797618004	0.7487987465728897
0.5484046699026205	0.3416365091364011	0.7420553327761377
0.5488040906381649	0.3416365091364011	0.7448345377060199
0.5486522947891559	0.3422988735296722	0.7420153049579357
0.5485442625981755	0.34248303559228727	0.7419888577583088
0.5485997860095057	0.3427132381705562	0.7408930077887121
0.5485952243843353	0.3429960584810008	0.7408316384798673
0.5489223292942017	0.34336438260623103	0.7385254317605814
0.549575118976844	0.34355180005884184	0.7351279940478935
0.5493955338815872	0.3441247486980888	0.729569447694811
0.5497924959725422	0.3441247486980888	0.73391372451467
0.5490505208198694	0.3441407627904901	0.7252567590372129
0.5489292841626388	0.3442077308132593	0.7231310308505636
0.5491353197714532	0.3442077308132593	0.7251886467849957
0.5485340866938391	0.3442813956383053	0.720796708232908
0.5488588823149227	0.3445094058110668	0.7204002160581588
0.5491832109401457	0.3448086691628164	0.720259187969582
0.5492957821628475	0.34506866266297886	0.7191630749971535
0.5480423388410705	0.3468712683914864	0.716524217511846
0.5496137864076398	0.3468712683914864	0.7175062325283524
0.5478549616602656	0.34694493321653247	0.7124614164697609
0.5477933510249181	0.3472606396095869	0.7099543598703787
0.5480713158244724	0.34760594347699025	0.7059236379545446
0.5482406978415	0.3478953410039568	0.7056324261563385
0.5480693670792854	0.3481743744321615	0.7047348091086675
0.5477389547131473	0.3483006569893833	0.7039803081186539
0.5470026945000689	0.34834669750503705	0.7034757444908598
0.547391466848683	0.34834669750503705	0.7039515174521304
0.5471787954244004	0.34929142496910154	0.7033733259460497
0.5471123288011491	0.35018300320874607	0.7014248240125444
0.547344215414444	0.3506894488809376	0.7005288659799959
0.5465197677618944	0.3510986979089712	0.6947340712459708
0.5469057280498618	0.3510986979089712	0.6975150372385567
0.5463758983844209	0.3513933572091554	0.6888542673128378
0.5462258684090329	0.3515570568203688	0.6876285406405378
0.5456666880718172	0.351925380945599	0.6860075523715737
0.5460506899634933	0.351925380945599	0.6861443882608149
0.5453777129547112	0.3522937050708292	0.6822377173068735
0.5454301967986835	0.3522937050708292	0.6828241049520485
0.5455795038589709	0.3525239076490981	0.6814400456876439
0.5454569863414614	0.3527606874438889	0.6785352853597559
0.5455157116912186	0.3527606874438889	0.6788344570371233
0.5450942172065073	0.3536413169433029	0.6782990478778915
0.5454751355972876	0.3536413169433029	0.6783685094789625
0.5454090555832531	0.3540751209130185	0.6775420707808113
0.5452467496211743	0.3543820576840436	0.6739351569287348
0.5435525049098554	0.3554461051569309	0.6689692799928207
0.5443074389444524	0.3554461051569309	0.672726559900108
0.543553823025271	0.355806058279315	0.6657399090882815
0.5438069650516323	0.3559734783362378	0.6622421480748545
0.5439150571173405	0.35662827678109155	0.6601056213946704
0.5440176799632537	0.3569437897266012	0.6584233824846198
0.5437838276769904	0.3570972581121138	0.6582659227599074
0.5440986766571995	0.35733558548726274	0.6552719266258914
0.5444130913629531	0.3575100548097402	0.6522817647125991
0.5447270726921309	0.35755097971254357	0.6468634285270154
0.5449780119733973	0.3577853677922355	0.6454134080386107
0.5451660393692737	0.35804036141739487	0.6440783654923514
0.5461181487008201	0.36076883000221704	0.6390877093110117
0.5463313253344335	0.3610845363952715	0.6381012045821894
0.546105583857131	0.3612206561806826	0.6367319478431899
0.54604251192299	0.36150713050030614	0.6300547037107511
0.546416257653259	0.36150713050030614	0.6353308340088637
0.5463528041226325	0.36187545462553633	0.6289046362473074
0.5462790224000184	0.3622060693760406	0.6226860782420498
0.5462423277431876	0.3622060693760406	0.6264371779747053
0.545762103416912	0.36249546690300716	0.622185385852634
0.5461341293906113	0.36249546690300716	0.6221945687819664
0.5458699100789298	0.36284944073764397	0.6204884086827254
0.5459011353410665	0.36284944073764397	0.6214516678571286
0.5459520288801452	0.3629546762019955	0.619523342365688
0.5459369864174612	0.36311673881709683	0.6190741970099158
0.5458132249627559	0.36324828314753616	0.6188620716837596
0.5457599960894477	0.36505949472466803	0.6155020116081594
0.545870960307911	0.368605544541436	0.6138676038426771
0.5455036178043391	0.3686581622736118	0.606663298621247
0.544415004467903	0.3696450909211976	0.6053786123423853
0.5447803836655325	0.3696450909211976	0.6058554926658292
0.5455126153640077	0.3696450909211976	0.6065197283431338
0.5426514102039214	0.3704746573032502	0.5965479605063657
0.5430129367929979	0.3704746573032502	0.5972483701400537
0.5451922529272842	0.3704746573032502	0.598467018900354
0.5425946929031183	0.3708744621229445	0.5960000157356262
0.5429557006828276	0.3708744621229445	0.5961061943937731
0.5424515870621277	0.3723221304766902	0.5917899579199963
0.5428115416653541	0.3723221304766902	0.5953989801302345
0.5418599117293328	0.372612185725309	0.5860000252723694
0.5422187593529947	0.372612185725309	0.5870557181410729
0.5418652953855965	0.3729805098505392	0.5856526661129046
0.5416106913449683	0.3731186313975005	0.5822181642343426
0.5416999294710433	0.3731186313975005	0.5839329182359145
0.5412085198601891	0.37313464548990183	0.5770000219345093
0.5413017268039912	0.37313464548990183	0.581365564764627
0.5408797427150067	0.373292498686429	0.5750411108691293
0.5406734038326348	0.3733358309364561	0.5744307842297127
0.5403742227913528	0.373595021987544	0.5682555286682759
0.5406199213818358	0.373595021987544	0.5691520893095624
0.540975592382745	0.373595021987544	0.5699038993321599
0.5405065520503164	0.3759990789496121	0.5680679595514976
0.5401268049234532	0.3761110377908527	0.5669046334269429
0.5404800598645412	0.3761110377908527	0.567474973042316
0.5390918955908363	0.37626028081302393	0.5617411649644959
0.5382148767466117	0.3763822582830677	0.561196248470269
0.5385645940154529	0.3763822582830677	0.5615930470662951
0.5387238562474285	0.377063725538512	0.5600415811619095
0.5386717898465774	0.3774320496637421	0.5562514666052741
0.5383806032559232	0.3786402153470459	0.5520449397565844
0.5386776556347804	0.3789348746472301	0.5508709715731925
0.5385602915800475	0.3793869088009217	0.5453152877594627
0.5389066326035716	0.3793869088009217	0.5503378535116643
0.5392923577176553	0.38052072244692253	0.5416529133600659
0.5391041112543931	0.38052072244692253	0.5426967497281026
0.5394494694294438	0.38052072244692253	0.5444088301032625
0.5390274649058153	0.38057334017909816	0.5416206585092813
0.5392307335270531	0.38088904657215267	0.536203722717782
0.5380220982920118	0.38130836942241475	0.5231122994850054
0.5387079135862017	0.38130836942241475	0.5266464120963107
0.5392604326546508	0.38130836942241475	0.52737840761305
0.53952496677512	0.38130836942241475	0.528906419366
0.5361266247185857	0.38275157635221835	0.5140598836732946
0.5364644486787109	0.38275157635221835	0.515999972820282
0.5371413754278324	0.38275157635221835	0.5165168894148452
0.5374804798315115	0.38275157635221835	0.5222094630377523
0.536418552582199	0.3830789755746452	0.5131142723533645
0.536317031479946	0.38388259184787465	0.5111392250969647
0.5365226633499461	0.3843123033273099	0.5110386281769846
0.5364273041040362	0.38464714344115564	0.5042397497049353
0.5365612894841465	0.3847699181495657	0.5025135004100942
0.5363901600487027	0.38500932883096534	0.5
0.5367264548198931	0.38500932883096534	0.5019991721139595
0.5362194589722963	0.38510140986227287	0.49899118777380774
0.5368118123378661	0.39122424937368266	0.4978219019954182
0.5370977309722255	0.3915053388376741	0.4953945753189672
0.5371180437929397	0.39171042840740455	0.4953178616921359
0.5369924832812578	0.39186828160393183	0.490946251154342
0.5362052859147279	0.3930754422217739	0.4759755313119688
0.5365346503409655	0.3930754422217739	0.48339795985669276
0.5367766156190747	0.3930754422217739	0.48918084395049954
0.536996914012093	0.3930754422217739	0.48999941440774075
0.5351980470025057	0.39344376634700406	0.4667063855863067
0.5361830740828784	0.39344376634700406	0.46874709508343093
0.535482503522088	0.39365700663003206	0.46556007001189365
0.5352393527764983	0.3939516659302162	0.46321337686369213
0.535065001093872	0.3941818685084851	0.4607999545328657
0.5349873009355505	0.3947855108248346	0.45694023613443424
0.5348200819548977	0.39482234323735765	0.45592395356914683
0.5348691468351838	0.3950065052999728	0.45464426004118547
0.5349309207180374	0.3954761185596413	0.45243121649964957
0.5351663380301697	0.3978183152900268	0.45170382506656653
0.5352743063100102	0.3979599784151153	0.449300176227255
0.5353614904628355	0.3983908060282634	0.4441583978729975
0.5355408835049009	0.3997463703534409	0.44406472655510504
0.535284839830325	0.4004754632372299	0.44251022175651566
0.5351668475359607	0.4005982379456399	0.43835749924042594
0.5347649688218887	0.40084378736246	0.4350927312856186
0.5350857636442173	0.40084378736246	0.43745211026240943
0.5339537565221621	0.4013068234056066	0.4299084862745912
0.5342731068550103	0.4013068234056066	0.4328394458044063
0.5340243778820912	0.40161376017663175	0.42278106044541125
0.5337185943497472	0.4018347546517699	0.4217817445622922
0.5336984878534146	0.4022030787770001	0.4205011432405519
0.5327454548393906	0.40224311400800333	0.41519818195599706
0.5330627540977821	0.40224311400800333	0.41763505952380825
0.5335783506418159	0.40351909401326513	0.41051436014453063
0.5338391874165239	0.4042557422637255	0.40861810123888254
0.5338095502755544	0.40462406638895576	0.3991576880142734
0.5340858931621724	0.40473916767809015	0.3981641206455337
0.5335554446322239	0.40614549615624185	0.39746064682094406
0.5334934705967689	0.40623049403129496	0.38929536316992325
0.5326049502243545	0.40669703792325324	0.3880890333449538
0.5310169593627464	0.40788771648962246	0.3853208301752743
0.5265175732828136	0.40995911756654835	0.38089450366724514
0.5271666272257136	0.4112842974000155	0.38079295167898913
0.5272813669619791	0.4114210331120574	0.38046729869613055
0.5275522658920868	0.4117893572372876	0.364761346574243
0.5277592276178352	0.4120103517124258	0.3607472239201407
0.5277433470528364	0.412378675837656	0.35466356474056393
0.5273544975133475	0.41265491893157863	0.3368319216690895
0.5276560152363398	0.41265491893157863	0.3498441627223176
0.5273174168025695	0.412909912556738	0.3323095017114481
0.5275804954719789	0.412909912556738	0.33307704171073077
0.5271252655040376	0.4130019935880455	0.3220463072594942
0.5267291029124671	0.41334552666638524	0.31693683731371314
0.5270292334554372	0.41334552666638524	0.31889446041956876
0.5261282700362175	0.41359107608320544	0.3112266983606483
0.5265299211704146	0.41359107608320544	0.3135276058215937
0.5261925252015937	0.4139144558955355	0.30899953469486874
0.5252700350285122	0.4141649163006921	0.30894573294659444
0.5254253374394627	0.4144104657175121	0.3010306049122031
0.5255320382173421	0.4147174024885373	0.29487653219956067
0.5257999478513243	0.4148401771969474	0.2929110702089528
0.5245532366820986	0.41503438446297786	0.292827695956731
0.5242582123645046	0.4150712168755009	0.2926969599609186
0.5238070366947334	0.4154819614979891	0.2787170878886728
0.5239672830547691	0.41576434332733225	0.27813615858960106
0.5240379291965547	0.4160221702149934	0.2658461183937513
0.524197865263965	0.4161827217567604	0.2642232548014247
0.5232031411835922	0.41675618195729247	0.2560951955542683
0.5234692108592711	0.41712450608252266	0.25239008486941794
0.5231643399441548	0.4172378365825935	0.23577326450215205
0.5229471638959037	0.41745422700616625	0.23509619021877617
0.5230329210868931	0.4175463080374738	0.2343987000759265
0.52288106740442	0.41813562663784215	0.23401154254267229
0.5227321872060694	0.4183274621197329	0.22876658274353207
0.5230227554035157	0.4183274621197329	0.22984107855787664
0.5225219776013271	0.4187238490354568	0.22540973708713252
0.522983159910023	0.419313167635825	0.22506131975927415
0.5228596919366508	0.41937455499003007	0.22295925650251983
0.5226961303305262	0.4194666360213376	0.21799924065074588
0.5229853921624745	0.4194666360213376	0.22007209367186958
0.5224199216480917	0.4197121854381577	0.21107533115412733
0.5227087109911808	0.4197121854381577	0.21273612593140176
0.522289217266019	0.4199477003836174	0.20444209427590748
0.5222217287355189	0.42003978141492493	0.1982244431777023
0.5223014005159553	0.42022394347754005	0.19488885705601863
0.5223809844553988	0.42058612886734975	0.18947780198484504
0.522068852945566	0.4209544529925799	0.183516546672029
0.5223563357941043	0.4209544529925799	0.18809432860344064
0.5221667248636378	0.4223970558163982	0.1788490022102554
0.5219739056478956	0.4224891368477057	0.17853087458024205
0.5220991947107264	0.42258958888185943	0.17816844605352172
0.521005450091518	0.4226049357204107	0.164278849787537
0.5212912457306247	0.4226049357204107	0.16782220565376363
0.5218637786748648	0.4226049357204107	0.17583566043900992
0.5210487347763993	0.423145144437415	0.164267437260848
0.5204559546019293	0.4233834718125639	0.11753560512177963
0.5207406679250157	0.4233834718125639	0.13861939423979958
0.5210256929211433	0.4233834718125639	0.14564289666370384
0.5213110301023706	0.4233834718125639	0.16376309184696336
0.5204317658159121	0.4237183119264095	0.11170400934009118
0.5205116319550988	0.4237796992806146	0.09591165500420344
0.5207091435867698	0.42400990185888343	0.0640914639923761
