Precision	Recall
0.7460967666061981	0.2811477541777975
0.7460967666061981	0.2811477541777975
0.7460967666061981	0.2811477541777975
0.745998740506487	0.2814102213693985
0.7455745889763274	0.2816726885609996
0.7455745889763274	0.2816726885609996
0.7458673511580409	0.2816726885609996
0.7455063572099792	0.2817854301501191
0.7441464778571064	0.2820643015411952
0.7441464778571064	0.2820643015411952
0.7453395122909285	0.2820643015411952
0.7454443512442651	0.2820643015411952
0.7454443512442651	0.2820643015411952
0.7441197709739502	0.2821474161518689
0.7441197709739502	0.2821474161518689
0.7441197709739502	0.2821474161518689
0.7441197709739502	0.2821474161518689
0.7441197709739502	0.2821474161518689
0.7441197709739502	0.2821474161518689
0.7440891251800642	0.28240332166367993
0.7440891251800642	0.28240332166367993
0.7440891251800642	0.28240332166367993
0.7441430328865898	0.28268453651182396
0.7441430328865898	0.28268453651182396
0.744166439643756	0.28268453651182396
0.7441448012945346	0.28284201682678456
0.7441448012945346	0.28284201682678456
0.7441448012945346	0.28284201682678456
0.7441448012945346	0.28284201682678456
0.7439471681414702	0.2828532654207104
0.7439471681414702	0.2828532654207104
0.7434658824381715	0.2829347207560348
0.7434658824381715	0.2829347207560348
0.7433264564067078	0.28295346841257774
0.7433264564067078	0.28295346841257774
0.7433264564067078	0.28295346841257774
0.7433264564067078	0.28295346841257774
0.7433264564067078	0.28295346841257774
0.7433264564067078	0.28295346841257774
0.7433264564067078	0.28295346841257774
0.7419691612405306	0.2831034496649212
0.7419691612405306	0.2831034496649212
0.7419691612405306	0.2831034496649212
0.7419691612405306	0.2831034496649212
0.7419691612405306	0.2831034496649212
0.7419691612405306	0.2831034496649212
0.7425359699109075	0.2831034496649212
0.7425359699109075	0.2831034496649212
0.7425786709204675	0.2831034496649212
0.7433089049930433	0.2831034496649212
0.7433089049930433	0.2831034496649212
0.7435349807663483	0.2831034496649212
0.7435349807663483	0.2831034496649212
0.7435349807663483	0.2831034496649212
0.7419325089543012	0.283163101299376
0.7419325089543012	0.283163101299376
0.7418170529379235	0.2836944473329404
0.7418170529379235	0.2836944473329404
0.7418170529379235	0.2836944473329404
0.7415086895411825	0.2838013089752351
0.7417393661307102	0.2841293929647364
0.7417393661307102	0.2841293929647364
0.7417393661307102	0.2841293929647364
0.7417393661307102	0.2841293929647364
0.7418907892195316	0.2841293929647364
0.7416116246175344	0.2841472884550728
0.7420464536858461	0.2841472884550728
0.7420464536858461	0.2841472884550728
0.7406094318434998	0.2842588370115033
0.7406094318434998	0.2842588370115033
0.7406094318434998	0.2842588370115033
0.7406094318434998	0.2842588370115033
0.7408536814699529	0.2842588370115033
0.7408536814699529	0.2842588370115033
0.7413052120287933	0.2842588370115033
0.7402903983861748	0.2843080496099285
0.7402903983861748	0.2843080496099285
0.7402903983861748	0.2843080496099285
0.7406368649504496	0.2843080496099285
0.7406368649504496	0.2843080496099285
0.7401779336117149	0.2845245850429994
0.7401779336117149	0.2845245850429994
0.7391604296104045	0.2848189232507234
0.7391604296104045	0.2848189232507234
0.7392129077914585	0.2848189232507234
0.7392129077914585	0.2848189232507234
0.7392129077914585	0.2848189232507234
0.7392129077914585	0.2848189232507234
0.7392129077914585	0.2848189232507234
0.7392129077914585	0.2848189232507234
0.7393243405993452	0.2848189232507234
0.7393243405993452	0.2848189232507234
0.7387978451777379	0.28489050521206916
0.7387978451777379	0.28489050521206916
0.7390129329841858	0.2850166913618773
0.7394710729496904	0.285123553004172
0.7394710729496904	0.285123553004172
0.7395472732793337	0.2853526791929439
0.7395472732793337	0.2853526791929439
0.7395472732793337	0.2853526791929439
0.7396234290473807	0.28554952958664465
0.7396051414403008	0.2855888996653848
0.7396051414403008	0.2855888996653848
0.7396812135579052	0.2856873248622352
0.7396540035597272	0.2857729119899312
0.7397680764206309	0.2861075576592226
0.7397680764206309	0.2861075576592226
0.7397680764206309	0.2861075576592226
0.7397680764206309	0.2861075576592226
0.7397680764206309	0.2861075576592226
0.7397680764206309	0.2861075576592226
0.7397680764206309	0.2861075576592226
0.7397680764206309	0.2861075576592226
0.7397680764206309	0.2861075576592226
0.7397680764206309	0.2861075576592226
0.7408191038860741	0.28625191461460314
0.7408191038860741	0.28625191461460314
0.7408191038860741	0.28625191461460314
0.7408191038860741	0.28625191461460314
0.7408191038860741	0.28625191461460314
0.7408191038860741	0.28625191461460314
0.7408191038860741	0.28625191461460314
0.7408191038860741	0.28625191461460314
0.7408191038860741	0.28625191461460314
0.74097599947757	0.28625191461460314
0.74097599947757	0.28625191461460314
0.74097599947757	0.28625191461460314
0.74097599947757	0.28625191461460314
0.7405483318736255	0.28640814508579426
0.7405483318736255	0.28640814508579426
0.7405483318736255	0.28640814508579426
0.7405483318736255	0.28640814508579426
0.7405483318736255	0.28640814508579426
0.7405483318736255	0.28640814508579426
0.7405483318736255	0.28640814508579426
0.7405483318736255	0.28640814508579426
0.7405483318736255	0.28640814508579426
0.7405483318736255	0.28640814508579426
0.7405483318736255	0.28640814508579426
0.7405483318736255	0.28640814508579426
0.7405483318736255	0.28640814508579426
0.7405483318736255	0.28640814508579426
0.7405483318736255	0.28640814508579426
0.7408252409061643	0.2870763154980592
0.7408252409061643	0.2870763154980592
0.7408252409061643	0.2870763154980592
0.7408252409061643	0.2870763154980592
0.7408252409061643	0.2870763154980592
0.7408252409061643	0.2870763154980592
0.7408252409061643	0.2870763154980592
0.7408252409061643	0.2870763154980592
0.7408252409061643	0.2870763154980592
0.7408252409061643	0.2870763154980592
0.7408252409061643	0.2870763154980592
0.7408252409061643	0.2870763154980592
0.7408252409061643	0.2870763154980592
0.7409245712388487	0.2871066001740131
0.7409245712388487	0.2871066001740131
0.7409245712388487	0.2871066001740131
0.7409245712388487	0.2871066001740131
0.7409245712388487	0.2871066001740131
0.7409245712388487	0.2871066001740131
0.7409245712388487	0.2871066001740131
0.7409245712388487	0.2871066001740131
0.7409245712388487	0.2871066001740131
0.7409245712388487	0.2871066001740131
0.7409245712388487	0.2871066001740131
0.7409245712388487	0.2871066001740131
0.7409245712388487	0.2871066001740131
0.7409245712388487	0.2871066001740131
0.7407079740883121	0.2872630709997752
0.7407079740883121	0.2872630709997752
0.7407079740883121	0.2872630709997752
0.7407079740883121	0.2872630709997752
0.7407079740883121	0.2872630709997752
0.7407079740883121	0.2872630709997752
0.7407780751283818	0.2872630709997752
0.7407780751283818	0.2872630709997752
0.7407780751283818	0.2872630709997752
0.7407780751283818	0.2872630709997752
0.7407780751283818	0.2872630709997752
0.7407780751283818	0.2872630709997752
0.7407780751283818	0.2872630709997752
0.7407780751283818	0.2872630709997752
0.7407780751283818	0.2872630709997752
0.7406254060506688	0.2873068155317088
0.7406254060506688	0.2873068155317088
0.7407667811572245	0.28747905962619696
0.7407667811572245	0.28747905962619696
0.7407667811572245	0.28747905962619696
0.7407667811572245	0.28747905962619696
0.7407667811572245	0.28747905962619696
0.7407667811572245	0.28747905962619696
0.7403804295969618	0.2875282722246222
0.7403804295969618	0.2875282722246222
0.7403804295969618	0.2875282722246222
0.7403804295969618	0.2875282722246222
0.7404534324433936	0.28770051631911037
0.7404268497585368	0.28770051631911037
0.7404268497585368	0.28770051631911037
